$ANSIBLE_VAULT;1.1;AES256
33373731623830363065353335643261363932386262623064653665396337323431396238653966
3837306635393332643333376437653361663261353036340a666262616363366230396539393733
36636130313532333330666130353636356138623361636439333534326133356533633763303961
3531353636306436350a393263326335633465613733353938653661646265356363333561643962
63653337656234623966393337663166323333623436383863633933623463626432346632303361
65366336313139356264366333346461323862383261353863376361366563386131636234386334
36363230326436313239306439383439613632323935336138636133663133326333653134663533
64643163306635383537363965653434306634373036626438313363363265383732643362326538
39353761646332303231363233303039373832643966616636356462323830393062313235326439
34633362306364643533316339393531383133313931613730653763366334386463333635653731
64313439303937343836633265366234663930313963623737633766323362396666386439343232
34323533653864396135323164643539666230653964306633383438383239636234613436353234
34336139353435303033383736656662626163656561666262333262363865623236613839356335
36646463623339323635306230656266333862373539633864383032303133363263353535653865
37373133386332353438323166663366343535393263333032323536613664303363353730616636
61313433653863636362366465613238643130613134346331316337346562613438393331363131
65313161343039393833646135663138633439653034306365323230316633656264633739616365
66373364363564363966316565633837373439616139353865383366663938353836383034353764
62343263393736666462663065643336623837333066663336613633343834653936633361653032
32346262613765636333303736376436343463666537363761393165373363366437646131643438
6131
